'data.frame':	334 obs. of  16 variables:
 $ HW1: num  100 85 87.5 92.5 32.5 75 90 92.5 82.5 75 ...
 $ HW2: num  100 95 100 100 NA 85 100 95 85 95 ...
 $ HW3: num  100 100 85 100 65 92.5 97.5 100 92.5 95       HW1   HW2   HW3   HW4    HW5   HW6   HW7   HW8   HW9
1   100.0 100.0 100.0 100.0 100.00 100.0 100.0 100.0 100.0
2    85.0  95.0 100.0  95.0  95.00  95.0 100.0 100.0 100.0
3    87.5 100.0  85.0  70.0 100.00  98.0   0.0  80.0   0.0
4    92.5 100.0 100.0 100.0  96.25  99.0 100.0  92.5  95.0
5    32.5   0.0  65.0  60.0   0.00  46.0   0.0   0.0   0.0
6    75.0  85.0  92.5  95.0 100.00  91.0   0.0   0.0  90.0
7    90.0 100.0  97.5  95.0  80.00  80.0  52.0  90.0  90.0
8    92.5  95.0 100.0  90.0 100.00  72.0  95.0  74.5 100.0
9    82.5  85.0  92.5  70.0 100.00   0.0  84.0  90.0  95.0
10   75.0  95.0  95.0  95.0  95.00  96.0   0.0 100.0  98.0
11    0.0  77.5   0.0  15.0   0.00  70.0  80.0  80.0  57.5
12   95.0 100.0 100.0 100.0 100.00  90.0 100.0 100.0  70.0
13   82.5   0.0  82.5  80.0 100.00   0.0   0.0   0.0  70.0
14   80.0  92.5  87.5 100.0 100.00  69.0  51.5  80.0  75.0
15   87.5 100.0 100.0 100.0  85.00  90.0 100.0 100.0  80.0
16   50.0   0.0  67.5  50.0   0.00  78.0  41.5  82.5  80.0
17   47.5  70.0  77.5  30.0  85.00  55.0  78.0  92.5  80.0
18   77.5  85.0 100.0 100.0  95.00  93.0  82.0  90.0  95.0
19   65.0  92.5  92.5   0.0  95.00  80.0  74.0  80.0  80.0
20   52.5  75.0  85.0  90.0  86.25  99.0  70.0 100.0   0.0
21   77.5  97.5 100.0 100.0 100.00 100.0 100.0 100.0 100.0
22   95.0  77.5  95.0 100.0 100.00  87.0 100.0  90.0 100.0
23   70.0  67.5  75.0  70.0  95.00  77.0  79.0   0.0  63.5
24   77.5  70.0  87.5  90.0  80.00  81.0  87.0  90.0  85.0
25   72.5  72.5  85.0  80.0  90.00  93.0 100.0 100.0 100.0
26   80.0  80.0  85.0  60.0  92.50  71.0  48.0  64.0  95.0
27   97.0 100.0 100.0 100.0 100.00  98.0 100.0   0.0  96.0
28   92.5 100.0 100.0  80.0 100.00   0.0  83.0  95.0  90.0
29   87.5  55.0  87.5  52.5  70.00  98.0  90.0  90.0  80.0
30   92.5  92.5  85.0  90.0  95.00  87.0  73.0 100.0  80.0
31   52.5  97.5 100.0  90.0  95.00  95.0 100.0  85.0  70.0
32   86.5  94.0  95.0 100.0  95.00  90.0  77.0  60.0  98.0
33   88.5  85.0 100.0 100.0 100.00  99.0 100.0 100.0  94.0
34   95.0  98.0 100.0  80.0 100.00  90.0  52.0  70.0 100.0
35   85.0  77.5  92.5  55.0  65.00  64.0  26.0  62.5  85.0
36   87.5 100.0 100.0  70.0  95.00 100.0  78.0  90.0  80.0
37   76.0  72.5  50.0   0.0  61.25  71.0  51.0  50.0  80.0
38   81.0  97.5 100.0  75.0  95.00  87.0  82.0  90.0  95.0
39   92.5 100.0  92.5  90.0 100.00  95.0  85.0  90.0  80.0
40   87.5 100.0  92.5  90.0  95.00  91.0  90.0  95.0 100.0
41   93.5  95.0  97.5 100.0 100.00  76.0  95.0  90.0  80.0
42   75.0  82.5 100.0 100.0  90.00  88.0  84.0  87.5 100.0
43   87.5  62.5  80.0  70.0 100.00  96.0  92.0 100.0  70.0
44   90.0  90.0  72.5  90.0 100.00  97.0 100.0  95.0 100.0
45   70.0  90.0  90.0  80.0  69.50  54.0  82.0   0.0 100.0
46   95.0  85.0  90.0  50.0  56.00  86.0  92.0  75.0  55.0
47   82.5 100.0  97.5  90.0  91.25  99.0  97.0 100.0 100.0
48   95.0 100.0 100.0  90.0  95.00  99.0  97.0  80.0 100.0
49  100.0 100.0  97.5 100.0 100.00  95.0 100.0 100.0  60.0
50   67.5 100.0 100.0  90.0  95.00  90.0 100.0  90.0 100.0
51   92.5  85.0  92.5 100.0 100.00  93.0  91.0  90.0  75.0
52   80.0  85.0  92.5   0.0  95.00  66.0  80.5  67.5 100.0
53    0.0  77.5 100.0  80.0 100.00  90.0  80.0   0.0  65.0
54   92.5  95.0  85.0 100.0 100.00  99.0  89.0 100.0 100.0
55   90.0  95.0 100.0 100.0 100.00  99.0 100.0  80.0  85.0
56   87.5  77.5  97.5  90.0  97.00  96.0  90.0  80.0  80.0
57   92.5 100.0 100.0 100.0  95.00  99.0  94.0  99.0  95.0
58   95.0  98.0  92.5  70.0  95.00  98.0 100.0 100.0  98.0
59   82.0 100.0  91.5 100.0 100.00  90.0 100.0  70.0  96.0
60   82.5 100.0  85.0  75.0  95.00  86.0  26.0  45.0  65.0
61   90.0  95.0 100.0 100.0 100.00  96.0 100.0  95.0 100.0
62   87.5  77.5 100.0  80.0  85.00  99.0 100.0 100.0  85.0
63   74.0 100.0  85.0  90.0  90.00  96.0  86.0  90.0  98.0
64   80.0  60.0  95.0  80.0  85.00  91.0  68.0  80.0  67.5
65   91.5  97.0  87.5  80.0  90.00  82.0  90.0  90.0  98.0
66   80.0  95.0  90.0  80.0  97.50  94.0  73.0  90.0  85.0
67   92.5  95.0 100.0 100.0  95.00  98.0  70.0 100.0 100.0
68   92.5 100.0 100.0  90.0 100.00  93.0  89.0  80.0  60.0
69   80.0  77.5  70.0  65.0 100.00  97.0 100.0  75.0  85.0
70   80.0   0.0  92.5  90.0  90.00  79.0   0.0  70.0  51.5
71    0.0  10.0  47.5   0.0  90.00   0.0  56.0  40.0  75.0
72   85.0  85.0  92.5  60.0  95.00  98.0 100.0  80.0 100.0
73   70.0  89.0  70.0  80.0  85.00  96.0   0.0  90.0   0.0
74   85.0  97.5 100.0  85.0  75.00  97.0  97.0  95.0  85.0
75   94.5 100.0  85.0 100.0 100.00  98.0  90.0 100.0  96.0
76   62.5  65.0  32.5  27.5   0.00  79.0  79.0  75.0  94.0
77   85.0  70.0  85.0  95.0 100.00  88.0  88.0 100.0  85.0
78   92.5 100.0 100.0 100.0 100.00 100.0 100.0  95.0 100.0
79   92.5 100.0 100.0 100.0  95.00  90.0 100.0  95.0  85.0
80   80.0  75.0  90.0  90.0 100.00  93.0  98.0  90.0  85.0
81   92.5  82.5  87.5  90.0 100.00  82.0  82.0   0.0  85.0
82   76.0  80.0 100.0  95.0  90.00  93.0  89.0  87.5  80.0
83   82.5  85.0  92.5  95.0  90.00 100.0 100.0 100.0  80.0
84   77.5  62.5  97.5  80.0   0.00  83.0 100.0  75.0  70.0
85   77.5 100.0 100.0 100.0 100.00  99.0  92.0 100.0  98.0
86   87.5  85.0  92.5  80.0 100.00  99.0   0.0 100.0  75.0
87   67.5  95.0  82.5  95.0  60.00  79.0  89.0 100.0  85.0
88   30.0   0.0   0.0 100.0  85.00  91.0  77.0  85.0  85.0
89   92.5 100.0 100.0   0.0 100.00 100.0   0.0 100.0 100.0
90   82.5   0.0  95.0 100.0  95.00  99.0 100.0 100.0 100.0
91   77.5  97.5 100.0  70.0   0.00  96.0 100.0  80.0  75.0
92   80.0  75.0   0.0  67.5  77.50  87.0 100.0  82.5  90.0
93    0.0  85.0  80.0  75.0 100.00  78.0   0.0  90.0   0.0
94   87.5  85.0  92.5  85.0  95.00  91.0  92.0  90.0  90.0
95   73.5   0.0  92.5  90.0  80.00   0.0 100.0 100.0  75.0
96   79.0  95.0  92.5  65.0  72.50  91.0 100.0   0.0  76.0
97    0.0   0.0   0.0  42.5   0.00   0.0   0.0   0.0   0.0
98  100.0  97.5 100.0  90.0 100.00  99.0 100.0 100.0 100.0
99   92.5  95.0 100.0   0.0 100.00  93.0  90.0  85.0 100.0
100  96.0  97.5 100.0   0.0 100.00  89.0  97.0 100.0  99.0
101  45.0  77.5  67.5  70.0  90.00  71.0  89.0  90.0  85.0
102   0.0  85.0  85.0  67.5  90.00  88.0  96.0  75.0  95.0
103  85.0  92.5 100.0 100.0  95.00  90.0 100.0  97.5 100.0
104  82.5  70.0 100.0  65.0  97.00  71.0  78.0  85.0  85.0
105  92.5  92.5 100.0  80.0  95.00  97.0  97.0  95.0  80.0
106  55.0  85.0 100.0 100.0  60.00 100.0  80.0  90.0  90.0
107  92.5  77.5  92.5 100.0 100.00  96.0  89.0  97.5  99.0
108  62.5  97.5  82.5  67.5  90.00  98.0 100.0  80.0 100.0
109 100.0 100.0  92.5 100.0 100.00   0.0  94.0  85.0   0.0
110  87.5  92.5 100.0  90.0  87.00  96.0  94.0  95.0  70.0
111  92.5 100.0 100.0 100.0 100.00  99.0 100.0 100.0  97.0
 [ reached getOption("max.print") -- omitted 223 rows ]
[1] NA
  [1] 42.22222 30.40000 29.97778 36.73333 21.11111 38.84444 41.37778 27.44444 42.22222 33.35556
 [11] 11.40000 40.95556 22.37778 37.15556 35.88889 21.11111 24.91111 31.24444 33.77778 32.51111
 [21] 36.73333 33.77778 28.71111 18.57778 34.20000 20.68889 35.46667 26.60000 30.40000 38.00000
 [31] 34.20000 33.35556 41.80000 32.93333 15.62222 32.93333 23.64444 35.46667 35.04444 38.00000
 [41] 40.53333 40.53333 30.82222 29.13333 19.84444 22.37778 35.46667 37.15556 29.13333 37.57778
 [51] 35.04444 26.17778 18.15556 35.46667 37.57778 29.55556 37.15556 36.31111 29.13333 19.42222
 [61] 23.64444 20.26667 32.08889 19.42222 27.02222 34.20000 35.04444 34.62222 29.97778 39.68889
 [71] 22.80000 24.91111 33.77778 25.75556 41.37778 23.22222 24.91111 31.24444 40.11111 36.73333
 [81] 24.06667 29.13333 32.93333 35.46667 40.11111 39.68889 40.53333 20.26667 33.77778 37.15556
 [91] 25.75556 30.40000 30.82222 33.77778 37.15556 31.24444 22.37778 36.73333 34.62222 38.84444
[101] 30.40000 25.75556 32.93333 37.15556 30.40000 37.57778 30.82222 29.13333 37.57778 34.20000
[111] 34.20000 23.22222 32.08889 30.40000 32.93333 35.04444 32.93333 27.86667 22.37778 37.57778
[121] 11.40000 34.62222 17.31111 26.17778 29.55556 34.20000 35.88889 37.15556 40.11111 34.20000
[131] 40.95556 42.22222 38.00000 38.00000 32.93333 29.13333 15.62222 34.20000 33.35556 35.25556
[141] 35.46667 22.80000 42.22222 32.08889 31.66667 38.00000 31.66667 35.04444 36.73333 32.93333
[151] 17.31111 37.15556 35.88889 27.44444 34.20000 19.00000 35.04444 30.40000 36.73333 37.15556
[161] 37.15556 36.31111 37.57778 35.46667 34.20000 36.31111 35.88889 36.73333 28.28889 34.62222
[171] 35.04444 36.73333 37.15556 36.73333 41.80000 37.15556 24.48889 31.66667 37.57778 25.33333
[181] 30.40000 38.00000 25.75556 36.73333 39.68889 33.77778 35.88889 38.00000 35.04444 23.22222
[191] 34.62222 31.24444 32.30000 32.93333 33.77778 35.04444 27.86667 35.88889 27.44444 36.73333
[201] 37.15556 29.13333 36.31111 31.24444 29.55556 32.08889 35.04444 29.13333 33.35556 34.96000
[211] 33.35556 16.04444 21.53333 28.71111 35.88889 37.15556 36.31111 36.31111 32.51111 37.57778
[221] 32.08889 36.73333 36.31111 33.35556 33.56667 34.62222 25.75556 29.97778 30.40000 32.51111
[231] 32.51111 35.88889 32.30000 37.57778 32.93333 33.77778 35.04444 37.15556 42.22222 41.80000
[241] 40.95556 16.46667 33.35556 32.93333 26.60000 24.48889 29.13333 21.95556 37.15556 35.04444
[251] 21.53333 10.13333 33.77778 13.51111 38.00000 40.11111 26.17778 35.46667 33.35556 22.80000
[261] 37.15556 41.80000 19.84444 36.31111 40.95556 27.44444 21.11111 24.48889 36.31111 22.37778
[271] 35.88889 31.41333 26.60000 36.73333 40.53333 29.97778 33.77778 36.73333 35.04444 36.31111
[281] 40.53333 34.20000 37.57778 28.28889 31.66667 34.62222 31.24444 33.77778 37.57778 30.82222
[291] 14.77778 10.97778 37.57778 39.68889 41.37778 27.02222 20.68889 33.77778 33.77778 29.55556
[301] 32.51111 40.11111 29.97778 22.37778 23.22222 35.46667 29.55556 38.00000 34.20000 22.80000
[311] 31.24444 42.22222 24.91111 32.08889 40.53333 32.93333  7.60000 35.46667 41.37778 28.71111
[321] 37.57778 32.93333 36.31111 33.77778 37.57778 24.48889 39.26667 38.00000 17.31111 30.40000
[331] 34.62222 32.08889 42.22222 32.51111

The downloaded binary packages are in
	/var/folders/c6/7kg74c_s1hzdjh4zw_238kpc0000gn/T//Rtmpr33gcS/downloaded_packages

The downloaded binary packages are in
	/var/folders/c6/7kg74c_s1hzdjh4zw_238kpc0000gn/T//Rtmpr33gcS/downloaded_packages
